10036:
1521902
2161
2134637
417734
1010725
1261548
2316498
2494106
1082992
2541752
1317259
42211
2214676
1554836
234405
41897
970271
1873549
2494920
32361
556369
504989
1030812
2350832
2401396
2207277
2035729
2646867
1154500
1132428
558523
8580
22964
1595703
1995943
2023361
2437646
2303816
336016
2224280
2438187
2465683
845006
1934299
2021702
725549
2031681
1441351
259822
812240
1723408
1994101
1184088
511569
2008955
576406
1371204
33130
1125370
706530
1511155
1787860
8129
2026150
1190492
1581139
1522922
2598077
1647159
2354598
997168
1008576
2046106
1466613
109154
2257846
2525634
1391499
2535303
1394196
1699044
857146
195153
52147
2398282
9989:
2026414
505558
865727
1800566
999:
1368356
1748518
1686297
2504950
2346329
232047
2192206
1614384
1459773
2641934
2467845
1762067
2528285
883247
2111370
9981:
1359983
1506089
71390
845912
814517
71712
1170807
1884346
1663475
2192196
2323179
1441938
1838411
1834774
1331891
2418918
1365323
10818:
1785774
346333
1227632
357480
10828:
786759
979626
2235716
950095
1952182
10794
2385555
581235
421794
404701
1059489
2488386
10894:
65908
368226
2445646
1824720
3561
1090250
1689845
2333858
2511879
2620148
416232
1028438
1301295
2544109
301874
420660
307400
2534784
2627563
1571804
1868826
1864805
2370349
